##########################################################################################
### MCD_v6.1 with climatology average solar scenario.
### Latitude -23.8953N. Longitude 326.7436E. Altitude 100.0 m ALS.
### --------------------------------------------------------------------------------------
### Column 1 is Areocentric longitude (degrees)
### Columns 2+ are Air heat capacity Cp (J kg-1 K-1)
### Line 1 is Local time (Martian hour)
### --------------------------------------------------------------------------------------
### Retrieved on: 2024-06-10T10:31:08.009525
### Mars Climate Database (c) LMD/OU/IAA/ESA/CNES
##########################################################################################
---- ||    0.00000e+00    1.00000e+00    2.00000e+00    3.00000e+00    4.00000e+00    5.00000e+00    6.00000e+00    7.00000e+00    8.00000e+00    9.00000e+00    1.00000e+01    1.10000e+01    1.20000e+01    1.30000e+01    1.40000e+01    1.50000e+01    1.60000e+01    1.70000e+01    1.80000e+01    1.90000e+01    2.00000e+01    2.10000e+01    2.20000e+01    2.30000e+01    2.40000e+01
-----------------------------------
+000 ||    7.60719e+02    7.57308e+02    7.54003e+02    7.51185e+02    7.48487e+02    7.46277e+02    7.45041e+02    7.47388e+02    7.51407e+02    7.61149e+02    7.70194e+02    7.77202e+02    7.83675e+02    7.88559e+02    7.92846e+02    7.95152e+02    7.96451e+02    7.94165e+02    7.90952e+02    7.84373e+02    7.78149e+02    7.73183e+02    7.68414e+02    7.64524e+02    7.60719e+02
+015 ||    7.53800e+02    7.50667e+02    7.47591e+02    7.44830e+02    7.42165e+02    7.39906e+02    7.38495e+02    7.40179e+02    7.43659e+02    7.53402e+02    7.62428e+02    7.69271e+02    7.75554e+02    7.80149e+02    7.84145e+02    7.86137e+02    7.87183e+02    7.84859e+02    7.81721e+02    7.75621e+02    7.69873e+02    7.65338e+02    7.60966e+02    7.57337e+02    7.53800e+02
+030 ||    7.47797e+02    7.44940e+02    7.42097e+02    7.39383e+02    7.36761e+02    7.34512e+02    7.32930e+02    7.33793e+02    7.36477e+02    7.45593e+02    7.54156e+02    7.60978e+02    7.67229e+02    7.71749e+02    7.75673e+02    7.77596e+02    7.78612e+02    7.76394e+02    7.73436e+02    7.67791e+02    7.62483e+02    7.58326e+02    7.54321e+02    7.51017e+02    7.47797e+02
+045 ||    7.41657e+02    7.39096e+02    7.36501e+02    7.33842e+02    7.31265e+02    7.29015e+02    7.27255e+02    7.27303e+02    7.29194e+02    7.37658e+02    7.45740e+02    7.52539e+02    7.58755e+02    7.63198e+02    7.67045e+02    7.68896e+02    7.69880e+02    7.67764e+02    7.64988e+02    7.59808e+02    7.54948e+02    7.51167e+02    7.47529e+02    7.44555e+02    7.41657e+02
+060 ||    7.36901e+02    7.34320e+02    7.31759e+02    7.29328e+02    7.26970e+02    7.24890e+02    7.23222e+02    7.23079e+02    7.24706e+02    7.32676e+02    7.40363e+02    7.47053e+02    7.53167e+02    7.57510e+02    7.61266e+02    7.63048e+02    7.63988e+02    7.61928e+02    7.59293e+02    7.54560e+02    7.50059e+02    7.46323e+02    7.42733e+02    7.39784e+02    7.36901e+02
+075 ||    7.32218e+02    7.29620e+02    7.27101e+02    7.24920e+02    7.22798e+02    7.20894e+02    7.19316e+02    7.18938e+02    7.20252e+02    7.27656e+02    7.34897e+02    7.41472e+02    7.47477e+02    7.51719e+02    7.55381e+02    7.57092e+02    7.57994e+02    7.56012e+02    7.53547e+02    7.49314e+02    7.45216e+02    7.41537e+02    7.38005e+02    7.35083e+02    7.32218e+02
+090 ||    7.30696e+02    7.28053e+02    7.25495e+02    7.23290e+02    7.21155e+02    7.19279e+02    7.17747e+02    7.17497e+02    7.18935e+02    7.26420e+02    7.33704e+02    7.40329e+02    7.46393e+02    7.50726e+02    7.54483e+02    7.56307e+02    7.57280e+02    7.55218e+02    7.52653e+02    7.48255e+02    7.44008e+02    7.40267e+02    7.36663e+02    7.33647e+02    7.30696e+02
+105 ||    7.29213e+02    7.26528e+02    7.23934e+02    7.21709e+02    7.19560e+02    7.17706e+02    7.16214e+02    7.16076e+02    7.17624e+02    7.25180e+02    7.32501e+02    7.39174e+02    7.45296e+02    7.49721e+02    7.53574e+02    7.55512e+02    7.56559e+02    7.54424e+02    7.51771e+02    7.47224e+02    7.42841e+02    7.39038e+02    7.35365e+02    7.32252e+02    7.29213e+02
+120 ||    7.34849e+02    7.31978e+02    7.29138e+02    7.26463e+02    7.23885e+02    7.21693e+02    7.20018e+02    7.20273e+02    7.22245e+02    7.30307e+02    7.38097e+02    7.45205e+02    7.51742e+02    7.56559e+02    7.60766e+02    7.62941e+02    7.64145e+02    7.61889e+02    7.59045e+02    7.54059e+02    7.49276e+02    7.45221e+02    7.41308e+02    7.38046e+02    7.34849e+02
+135 ||    7.40366e+02    7.37320e+02    7.34244e+02    7.31133e+02    7.28136e+02    7.25612e+02    7.23761e+02    7.24414e+02    7.26812e+02    7.35369e+02    7.43616e+02    7.51141e+02    7.58073e+02    7.63267e+02    7.67812e+02    7.70213e+02    7.71566e+02    7.69185e+02    7.66151e+02    7.60729e+02    7.55553e+02    7.51265e+02    7.47128e+02    7.43717e+02    7.40366e+02
+150 ||    7.46650e+02    7.43496e+02    7.40368e+02    7.37414e+02    7.34569e+02    7.32176e+02    7.30591e+02    7.31989e+02    7.35094e+02    7.44181e+02    7.52882e+02    7.60680e+02    7.67886e+02    7.73385e+02    7.78179e+02    7.80658e+02    7.81976e+02    7.79161e+02    7.75610e+02    7.69365e+02    7.63402e+02    7.58567e+02    7.53940e+02    7.50250e+02    7.46650e+02
+165 ||    7.52840e+02    7.49579e+02    7.46399e+02    7.43596e+02    7.40897e+02    7.38626e+02    7.37297e+02    7.39424e+02    7.43216e+02    7.52802e+02    7.61931e+02    7.69990e+02    7.77455e+02    7.83244e+02    7.88278e+02    7.90830e+02    7.92114e+02    7.88881e+02    7.84839e+02    7.77824e+02    7.71115e+02    7.65739e+02    7.60628e+02    7.56674e+02    7.52840e+02
+180 ||    7.60263e+02    7.56736e+02    7.53310e+02    7.50332e+02    7.47501e+02    7.45248e+02    7.44203e+02    7.47589e+02    7.52485e+02    7.62522e+02    7.71988e+02    7.80064e+02    7.87539e+02    7.93301e+02    7.98336e+02    8.00987e+02    8.02383e+02    7.99317e+02    7.95236e+02    7.87444e+02    7.80062e+02    7.74372e+02    7.68911e+02    7.64510e+02    7.60263e+02
+195 ||    7.67622e+02    7.63830e+02    7.60156e+02    7.56998e+02    7.54029e+02    7.51789e+02    7.51026e+02    7.55674e+02    7.61679e+02    7.72148e+02    7.81940e+02    7.90039e+02    7.97530e+02    8.03270e+02    8.08310e+02    8.11058e+02    8.12566e+02    8.09661e+02    8.05537e+02    7.96964e+02    7.88912e+02    7.82921e+02    7.77120e+02    7.72277e+02    7.67622e+02
+210 ||    7.72741e+02    7.69202e+02    7.65788e+02    7.62927e+02    7.60212e+02    7.58084e+02    7.57421e+02    7.62117e+02    7.68122e+02    7.78458e+02    7.88141e+02    7.96196e+02    8.03696e+02    8.09616e+02    8.14845e+02    8.17809e+02    8.19513e+02    8.16730e+02    8.12598e+02    8.03548e+02    7.95005e+02    7.88450e+02    7.82201e+02    7.77351e+02    7.72741e+02
+225 ||    7.77753e+02    7.74470e+02    7.71322e+02    7.68761e+02    7.66303e+02    7.64277e+02    7.63705e+02    7.68431e+02    7.74422e+02    7.84630e+02    7.94207e+02    8.02223e+02    8.09735e+02    8.15832e+02    8.21255e+02    8.24436e+02    8.26319e+02    8.23630e+02    8.19516e+02    8.09995e+02    8.00965e+02    7.93853e+02    7.87166e+02    7.82313e+02    7.77753e+02
+240 ||    7.77859e+02    7.74717e+02    7.71666e+02    7.69040e+02    7.66506e+02    7.64364e+02    7.63785e+02    7.68880e+02    7.75093e+02    7.85054e+02    7.94427e+02    8.02344e+02    8.09756e+02    8.15752e+02    8.21104e+02    8.24320e+02    8.26287e+02    8.23853e+02    8.19775e+02    8.09525e+02    7.99973e+02    7.93081e+02    7.86612e+02    7.82108e+02    7.77859e+02
+255 ||    7.78011e+02    7.75012e+02    7.72059e+02    7.69371e+02    7.66765e+02    7.64522e+02    7.63939e+02    7.69355e+02    7.75749e+02    7.85463e+02    7.94634e+02    8.02455e+02    8.09774e+02    8.15673e+02    8.20954e+02    8.24205e+02    8.26255e+02    8.24079e+02    8.20031e+02    8.09055e+02    7.98980e+02    7.92314e+02    7.86082e+02    7.81939e+02    7.78011e+02
+270 ||    7.76241e+02    7.73408e+02    7.70586e+02    7.67893e+02    7.65295e+02    7.63096e+02    7.62613e+02    7.68347e+02    7.74978e+02    7.84592e+02    7.93614e+02    8.01102e+02    8.08104e+02    8.13725e+02    8.18756e+02    8.21865e+02    8.23906e+02    8.22187e+02    8.18516e+02    8.07682e+02    7.97713e+02    7.90953e+02    7.84609e+02    7.80282e+02    7.76241e+02
+285 ||    7.74497e+02    7.71832e+02    7.69145e+02    7.66454e+02    7.63868e+02    7.61724e+02    7.61340e+02    7.67354e+02    7.74194e+02    7.83708e+02    7.92580e+02    7.99735e+02    8.06425e+02    8.11766e+02    8.16546e+02    8.19509e+02    8.21539e+02    8.20281e+02    8.16990e+02    8.06303e+02    7.96443e+02    7.89591e+02    7.83146e+02    7.78644e+02    7.74497e+02
+300 ||    7.73207e+02    7.70237e+02    7.67366e+02    7.64924e+02    7.62595e+02    7.60725e+02    7.60391e+02    7.65654e+02    7.71947e+02    7.81636e+02    7.90684e+02    7.98030e+02    8.04904e+02    8.10427e+02    8.15343e+02    8.18284e+02    8.20185e+02    8.18402e+02    8.14804e+02    8.04625e+02    7.95158e+02    7.88311e+02    7.81890e+02    7.77408e+02    7.73207e+02
+315 ||    7.71920e+02    7.68648e+02    7.65597e+02    7.63402e+02    7.61324e+02    7.59722e+02    7.59432e+02    7.63946e+02    7.69696e+02    7.79560e+02    7.88783e+02    7.96322e+02    8.03382e+02    8.09087e+02    8.14138e+02    8.17060e+02    8.18831e+02    8.16518e+02    8.12615e+02    8.02944e+02    7.93871e+02    7.87034e+02    7.80643e+02    7.76178e+02    7.71920e+02
+330 ||    7.69718e+02    7.66234e+02    7.62939e+02    7.60401e+02    7.57996e+02    7.56119e+02    7.55451e+02    7.59231e+02    7.64400e+02    7.74199e+02    7.83338e+02    7.90694e+02    7.97555e+02    8.02994e+02    8.07808e+02    8.10577e+02    8.12235e+02    8.09953e+02    8.06355e+02    7.97987e+02    7.90099e+02    7.83977e+02    7.78196e+02    7.73887e+02    7.69718e+02
+345 ||    7.67511e+02    7.63812e+02    7.60272e+02    7.57394e+02    7.54661e+02    7.52507e+02    7.51455e+02    7.54477e+02    7.59042e+02    7.68767e+02    7.77817e+02    7.84986e+02    7.91643e+02    7.96808e+02    8.01378e+02    8.03987e+02    8.05530e+02    8.03280e+02    7.99995e+02    7.92949e+02    7.86265e+02    7.80875e+02    7.75718e+02    7.71579e+02    7.67511e+02
+360 ||    7.60719e+02    7.57308e+02    7.54003e+02    7.51185e+02    7.48487e+02    7.46277e+02    7.45041e+02    7.47388e+02    7.51407e+02    7.61149e+02    7.70194e+02    7.77202e+02    7.83675e+02    7.88559e+02    7.92846e+02    7.95152e+02    7.96451e+02    7.94165e+02    7.90952e+02    7.84373e+02    7.78149e+02    7.73183e+02    7.68414e+02    7.64524e+02    7.60719e+02