##########################################################################################
### MCD_v6.1 with climatology average solar scenario.
### Ls 281.4deg. Altitude 0.0 m ALS. Local time 0.0h (at longitude 0) 
### --------------------------------------------------------------------------------------
### Column 1 is East longitude (degrees)
### Columns 2+ are Altitude above areoid (Mars geoid) (m)
### Line 1 is North latitude (degrees)
### --------------------------------------------------------------------------------------
### Retrieved on: 2024-06-25T17:11:28.668794
### Mars Climate Database (c) LMD/OU/IAA/ESA/CNES
##########################################################################################
---- ||   -2.45000e+01   -2.44787e+01   -2.44574e+01   -2.44362e+01   -2.44149e+01   -2.43936e+01   -2.43723e+01   -2.43511e+01   -2.43298e+01   -2.43085e+01   -2.42872e+01   -2.42660e+01   -2.42447e+01   -2.42234e+01   -2.42021e+01   -2.41809e+01   -2.41596e+01   -2.41383e+01   -2.41170e+01   -2.40957e+01   -2.40745e+01   -2.40532e+01   -2.40319e+01   -2.40106e+01   -2.39894e+01   -2.39681e+01   -2.39468e+01   -2.39255e+01   -2.39043e+01   -2.38830e+01   -2.38617e+01   -2.38404e+01   -2.38191e+01   -2.37979e+01   -2.37766e+01   -2.37553e+01   -2.37340e+01   -2.37128e+01   -2.36915e+01   -2.36702e+01   -2.36489e+01   -2.36277e+01   -2.36064e+01   -2.35851e+01   -2.35638e+01   -2.35426e+01   -2.35213e+01   -2.35000e+01
-----------------------------------
+326 ||    2.15802e+02    2.38969e+02    1.39816e+02    6.70912e+01    1.40219e+01   -1.25916e+01    4.19539e+01    8.95402e+01    1.05544e+02    1.01026e+02    1.09270e+02    1.35011e+02    1.44314e+02    1.50309e+02    1.50840e+02    9.84894e+01    4.90096e+01   -2.27078e+00   -8.52696e+01   -1.26394e+02   -1.42669e+02   -1.52407e+02   -2.10739e+02   -2.79410e+02   -3.14815e+02   -3.11172e+02   -3.02273e+02   -3.09223e+02   -3.41485e+02   -3.76500e+02   -4.07062e+02   -4.37448e+02   -4.70169e+02   -5.06119e+02   -5.30125e+02   -5.62779e+02   -6.05230e+02   -6.45539e+02   -6.73971e+02   -6.88074e+02   -6.49190e+02   -6.00975e+02   -5.48597e+02   -5.07337e+02   -4.80440e+02   -4.63698e+02   -4.59269e+02   -4.64444e+02
+326 ||    2.28097e+02    2.36650e+02    8.43800e+01   -1.62037e+01   -7.73576e+01   -8.47485e+01    4.19071e+00    7.17415e+01    8.13214e+01    8.87348e+01    1.11032e+02    1.51511e+02    1.17654e+02    9.55679e+01    8.54478e+01    7.13162e+01    5.02207e+01    1.45982e+01   -9.79397e+01   -1.59187e+02   -1.89046e+02   -2.06311e+02   -2.66782e+02   -3.33799e+02   -3.62591e+02   -3.57758e+02   -3.51913e+02   -3.68043e+02   -3.90574e+02   -4.17448e+02   -4.49693e+02   -4.84839e+02   -5.24671e+02   -5.70434e+02   -5.79747e+02   -5.98480e+02   -6.29402e+02   -6.76349e+02   -7.20823e+02   -7.54383e+02   -6.83257e+02   -6.19954e+02   -5.63263e+02   -5.16365e+02   -4.86655e+02   -4.67004e+02   -4.53889e+02   -4.50356e+02
+326 ||    2.46987e+02    2.31833e+02    3.84893e+01   -6.97769e+01   -1.25473e+02   -1.17927e+02   -8.70413e+00    6.44492e+01    5.53573e+01    6.20779e+01    9.17853e+01    1.47615e+02    6.45790e+01    5.34116e+00   -2.59766e+01    1.38277e+01    3.68338e+01    2.89254e+01   -1.30910e+02   -2.31216e+02   -2.91518e+02   -3.19985e+02   -3.59862e+02   -3.99664e+02   -4.23477e+02   -4.20336e+02   -4.16993e+02   -4.32708e+02   -4.35240e+02   -4.56986e+02   -5.17859e+02   -5.69439e+02   -6.23681e+02   -6.83136e+02   -6.70156e+02   -6.64824e+02   -6.72162e+02   -7.25747e+02   -7.92514e+02   -8.54667e+02   -7.33334e+02   -6.49917e+02   -5.91404e+02   -5.36623e+02   -5.04048e+02   -4.82634e+02   -4.62465e+02   -4.41216e+02
+326 ||    1.50176e+02    2.03866e+02    3.74320e+01   -7.73184e+01   -1.41613e+02   -1.29563e+02   -1.91421e+01    5.75155e+01    5.63724e+01    1.00957e+02    1.04942e+02    5.52622e+01    1.24298e-01   -3.97924e+01   -6.22338e+01   -2.17300e+01   -1.24338e+01   -4.13859e+01   -1.96362e+02   -2.91173e+02   -3.51213e+02   -4.06349e+02   -4.37812e+02   -4.63549e+02   -5.03248e+02   -5.24039e+02   -5.42549e+02   -5.69359e+02   -5.79786e+02   -6.03268e+02   -6.56078e+02   -7.38659e+02   -7.99040e+02   -8.23986e+02   -7.78909e+02   -7.59894e+02   -7.73245e+02   -8.46777e+02   -8.65745e+02   -8.34304e+02   -7.41548e+02   -6.63962e+02   -5.98345e+02   -5.46473e+02   -5.14089e+02   -4.91215e+02   -4.68311e+02   -4.40528e+02
+326 ||    3.85049e+01    1.45407e+02    2.63443e+01   -8.47502e+01   -1.54292e+02   -1.42900e+02   -3.34220e+01    4.76983e+01    5.95258e+01    1.16502e+02    9.23057e+01   -3.44582e+01   -6.21522e+01   -7.88427e+01   -8.45932e+01   -4.80887e+01   -6.39732e+01   -1.27948e+02   -2.72218e+02   -3.56795e+02   -4.11781e+02   -4.85554e+02   -5.11270e+02   -5.27197e+02   -5.77451e+02   -6.19782e+02   -6.59092e+02   -6.96983e+02   -7.27352e+02   -7.60743e+02   -8.02299e+02   -9.01267e+02   -9.60705e+02   -9.56310e+02   -8.95289e+02   -8.66923e+02   -8.77444e+02   -9.61059e+02   -9.30587e+02   -8.10440e+02   -7.47752e+02   -6.70186e+02   -5.88968e+02   -5.43721e+02   -5.17022e+02   -4.97813e+02   -4.72459e+02   -4.41620e+02
+326 ||   -6.34238e+01   -5.57781e+00   -4.27757e+01   -1.16047e+02   -1.71946e+02   -1.73437e+02   -6.21996e+01    2.77833e+01    5.58189e+01    1.75172e+01   -2.59050e+01   -6.87266e+01   -1.11065e+02   -1.20820e+02   -9.88714e+01   -5.44714e+01   -1.04503e+02   -2.25851e+02   -3.66797e+02   -4.48315e+02   -4.97965e+02   -5.54700e+02   -5.77402e+02   -5.91174e+02   -6.22726e+02   -6.66721e+02   -7.13063e+02   -7.55940e+02   -8.32938e+02   -9.00688e+02   -9.39336e+02   -9.96904e+02   -1.03546e+03   -1.04478e+03   -1.02836e+03   -1.00003e+03   -9.61803e+02   -1.01467e+03   -9.65942e+02   -8.38029e+02   -7.69107e+02   -6.57957e+02   -5.34744e+02   -5.03211e+02   -4.99439e+02   -5.01326e+02   -4.72232e+02   -4.44366e+02
+326 ||   -1.34272e+02   -7.96002e+01   -1.06853e+02   -1.57527e+02   -1.94067e+02   -1.89438e+02   -3.48783e+01    6.97707e+01    5.82564e+01   -3.98125e+01   -1.01372e+02   -1.10029e+02   -1.41891e+02   -1.43411e+02   -1.16739e+02   -1.03392e+02   -1.93673e+02   -3.52807e+02   -4.56852e+02   -5.27924e+02   -5.77832e+02   -6.14879e+02   -6.37200e+02   -6.52661e+02   -6.66028e+02   -6.86085e+02   -7.27757e+02   -8.15766e+02   -8.96843e+02   -9.72687e+02   -1.04177e+03   -1.10651e+03   -1.14421e+03   -1.14556e+03   -1.12604e+03   -1.08584e+03   -1.02556e+03   -1.01852e+03   -9.52308e+02   -8.39722e+02   -7.58492e+02   -6.42134e+02   -5.17714e+02   -4.81622e+02   -4.78565e+02   -4.84639e+02   -4.63248e+02   -4.38173e+02
+326 ||   -1.83327e+02   -9.95407e+01   -1.67453e+02   -2.06219e+02   -2.19357e+02   -1.95228e+02    3.19557e+01    1.55372e+02    6.50209e+01   -6.78903e+01   -1.46842e+02   -1.56329e+02   -1.60023e+02   -1.52383e+02   -1.37154e+02   -1.82307e+02   -3.17175e+02   -5.00354e+02   -5.43824e+02   -5.99241e+02   -6.53343e+02   -6.68816e+02   -6.92608e+02   -7.12465e+02   -7.07990e+02   -6.86064e+02   -7.14827e+02   -8.76271e+02   -9.31485e+02   -9.96946e+02   -1.11996e+03   -1.22608e+03   -1.27700e+03   -1.25512e+03   -1.19892e+03   -1.13846e+03   -1.07488e+03   -9.87350e+02   -9.04179e+02   -8.23192e+02   -7.25365e+02   -6.23763e+02   -5.26842e+02   -4.73323e+02   -4.55350e+02   -4.53717e+02   -4.48092e+02   -4.25681e+02
+326 ||   -3.47040e+02   -1.93060e+02   -2.01207e+02   -2.09228e+02   -1.87796e+02   -1.06116e+02    6.68971e+01    1.21956e+02   -3.03618e+01   -1.60271e+02   -2.21971e+02   -2.03651e+02   -1.89157e+02   -1.79713e+02   -1.79396e+02   -2.69318e+02   -3.85377e+02   -5.12095e+02   -5.70310e+02   -6.28595e+02   -6.81239e+02   -7.06521e+02   -7.31723e+02   -7.59738e+02   -7.97053e+02   -8.11093e+02   -8.54830e+02   -9.85754e+02   -1.06059e+03   -1.12830e+03   -1.20404e+03   -1.26570e+03   -1.29289e+03   -1.27523e+03   -1.22777e+03   -1.17852e+03   -1.12772e+03   -1.00050e+03   -8.99331e+02   -8.12010e+02   -6.33245e+02   -5.37767e+02   -4.93093e+02   -4.32741e+02   -3.94101e+02   -3.74776e+02   -3.89624e+02   -3.96191e+02
+326 ||   -4.61140e+02   -2.52423e+02   -2.22304e+02   -2.06856e+02   -1.60712e+02   -4.40480e+01    6.44388e+01    5.90093e+01   -1.22086e+02   -2.42899e+02   -2.93053e+02   -2.64098e+02   -2.40865e+02   -2.37260e+02   -2.57823e+02   -3.96651e+02   -4.95831e+02   -5.64170e+02   -6.16963e+02   -6.68270e+02   -7.14761e+02   -7.42059e+02   -7.65640e+02   -7.98312e+02   -8.65821e+02   -9.16506e+02   -9.80757e+02   -1.08932e+03   -1.17743e+03   -1.24265e+03   -1.27463e+03   -1.29589e+03   -1.30241e+03   -1.29057e+03   -1.25830e+03   -1.22281e+03   -1.18331e+03   -1.03921e+03   -9.27605e+02   -8.32884e+02   -6.19630e+02   -5.25040e+02   -4.98350e+02   -4.21920e+02   -3.55570e+02   -3.10539e+02   -3.29835e+02   -3.64238e+02
+326 ||   -4.46819e+02   -2.24081e+02   -2.18025e+02   -1.98209e+02   -1.51338e+02   -5.62479e+01   -1.92503e+01   -5.57236e+01   -1.92006e+02   -2.94786e+02   -3.50983e+02   -3.54390e+02   -3.42690e+02   -3.61411e+02   -4.16035e+02   -6.15021e+02   -7.10078e+02   -7.26252e+02   -7.17640e+02   -7.37045e+02   -7.67402e+02   -7.74785e+02   -7.89828e+02   -8.18668e+02   -8.82027e+02   -9.60648e+02   -1.05440e+03   -1.17292e+03   -1.25381e+03   -1.30406e+03   -1.31365e+03   -1.31508e+03   -1.31279e+03   -1.30675e+03   -1.29848e+03   -1.27844e+03   -1.24471e+03   -1.13049e+03   -1.02584e+03   -9.26276e+02   -7.93104e+02   -6.88577e+02   -5.98344e+02   -4.83330e+02   -3.73934e+02   -2.86209e+02   -2.72729e+02   -3.28895e+02
+326 ||   -3.99549e+02   -2.30895e+02   -1.83390e+02   -1.54232e+02   -1.15740e+02   -4.85553e+01   -7.44756e+01   -1.38508e+02   -2.38237e+02   -3.10179e+02   -3.60075e+02   -3.86210e+02   -3.91852e+02   -4.53292e+02   -5.69522e+02   -7.27922e+02   -7.93222e+02   -7.89176e+02   -7.73663e+02   -7.82518e+02   -8.02188e+02   -8.08099e+02   -8.00145e+02   -8.14283e+02   -9.19741e+02   -1.01353e+03   -1.11584e+03   -1.24680e+03   -1.30425e+03   -1.33142e+03   -1.33181e+03   -1.32713e+03   -1.32385e+03   -1.32334e+03   -1.32594e+03   -1.31266e+03   -1.28129e+03   -1.18676e+03   -1.08761e+03   -9.85981e+02   -9.00131e+02   -8.04576e+02   -6.99032e+02   -5.70482e+02   -4.38837e+02   -3.36305e+02   -3.53910e+02   -4.02913e+02
+326 ||   -3.37322e+02   -2.55458e+02   -1.34559e+02   -9.37396e+01   -6.81856e+01   -3.20880e+01   -1.14510e+02   -2.03052e+02   -2.70884e+02   -3.07136e+02   -3.45737e+02   -3.90398e+02   -4.17081e+02   -5.29850e+02   -7.17848e+02   -7.85866e+02   -8.09269e+02   -8.01718e+02   -8.07212e+02   -8.16703e+02   -8.28759e+02   -8.42366e+02   -8.05341e+02   -7.99994e+02   -9.68024e+02   -1.07046e+03   -1.17098e+03   -1.31447e+03   -1.34090e+03   -1.34153e+03   -1.33947e+03   -1.33565e+03   -1.33532e+03   -1.34008e+03   -1.34677e+03   -1.33594e+03   -1.30558e+03   -1.22576e+03   -1.13182e+03   -1.03003e+03   -9.74037e+02   -8.96587e+02   -8.00050e+02   -6.70929e+02   -5.28465e+02   -4.25567e+02   -5.03431e+02   -5.30584e+02
+326 ||   -3.50729e+02   -2.74926e+02   -1.37846e+02   -9.44009e+01   -7.85248e+01   -7.02250e+01   -1.21260e+02   -1.80558e+02   -2.37601e+02   -3.07436e+02   -3.86949e+02   -4.76833e+02   -5.53641e+02   -6.43873e+02   -7.43811e+02   -7.80712e+02   -8.00102e+02   -8.09906e+02   -8.45687e+02   -8.70315e+02   -8.87797e+02   -9.00989e+02   -8.88053e+02   -8.94294e+02   -9.99255e+02   -1.10820e+03   -1.21779e+03   -1.32602e+03   -1.34947e+03   -1.35235e+03   -1.34988e+03   -1.34748e+03   -1.34812e+03   -1.35288e+03   -1.35838e+03   -1.35454e+03   -1.34004e+03   -1.28222e+03   -1.21072e+03   -1.12945e+03   -1.06682e+03   -9.87533e+02   -8.93467e+02   -7.74302e+02   -6.57686e+02   -5.66397e+02   -5.69580e+02   -5.75678e+02
+326 ||   -3.64718e+02   -3.07796e+02   -1.89178e+02   -1.17474e+02   -7.83070e+01   -8.12784e+01   -1.15808e+02   -1.62718e+02   -2.20893e+02   -3.03119e+02   -4.11863e+02   -5.50149e+02   -6.46469e+02   -7.12846e+02   -7.50578e+02   -7.65102e+02   -7.85362e+02   -8.13924e+02   -8.76019e+02   -9.20364e+02   -9.52702e+02   -9.75173e+02   -9.87974e+02   -1.00793e+03   -1.06460e+03   -1.17074e+03   -1.27659e+03   -1.34589e+03   -1.36075e+03   -1.36206e+03   -1.35933e+03   -1.35796e+03   -1.35941e+03   -1.36450e+03   -1.36958e+03   -1.37430e+03   -1.37798e+03   -1.33976e+03   -1.28849e+03   -1.22593e+03   -1.15793e+03   -1.07663e+03   -9.83367e+02   -8.69075e+02   -7.52934e+02   -6.50695e+02   -6.06530e+02   -6.00583e+02
+326 ||   -3.79648e+02   -3.62257e+02   -3.17904e+02   -1.76650e+02   -6.10827e+01   -4.87032e+01   -9.06997e+01   -1.52377e+02   -2.30883e+02   -2.91365e+02   -4.10523e+02   -6.02329e+02   -6.68853e+02   -7.09248e+02   -7.26424e+02   -7.32650e+02   -7.61641e+02   -8.11227e+02   -8.93237e+02   -9.64673e+02   -1.02706e+03   -1.07442e+03   -1.11562e+03   -1.15271e+03   -1.18490e+03   -1.27323e+03   -1.35469e+03   -1.37919e+03   -1.37638e+03   -1.36998e+03   -1.36725e+03   -1.36625e+03   -1.36829e+03   -1.37421e+03   -1.38012e+03   -1.39592e+03   -1.42149e+03   -1.39904e+03   -1.36444e+03   -1.31769e+03   -1.24637e+03   -1.16276e+03   -1.06760e+03   -9.49992e+02   -7.93456e+02   -6.43927e+02   -5.96443e+02   -5.92965e+02
+326 ||   -3.73101e+02   -3.70493e+02   -3.30218e+02   -1.87579e+02   -5.53120e+01    2.27939e+00   -5.25080e+01   -1.27771e+02   -2.06289e+02   -2.73522e+02   -3.91085e+02   -5.70534e+02   -6.66539e+02   -7.16020e+02   -7.21533e+02   -6.96373e+02   -7.18839e+02   -7.81892e+02   -8.92436e+02   -9.88933e+02   -1.07267e+03   -1.13293e+03   -1.18791e+03   -1.23459e+03   -1.26139e+03   -1.32201e+03   -1.37556e+03   -1.38788e+03   -1.37990e+03   -1.37289e+03   -1.37509e+03   -1.37335e+03   -1.37349e+03   -1.37684e+03   -1.39546e+03   -1.41900e+03   -1.44626e+03   -1.42696e+03   -1.39944e+03   -1.36276e+03   -1.29829e+03   -1.21934e+03   -1.12717e+03   -1.01086e+03   -8.58670e+02   -7.00487e+02   -5.87500e+02   -5.61836e+02
+326 ||   -3.56347e+02   -3.58732e+02   -3.00263e+02   -1.79476e+02   -5.28184e+01    5.33313e+01   -1.26243e+01   -9.95319e+01   -1.75185e+02   -2.57283e+02   -3.67834e+02   -5.12059e+02   -6.60138e+02   -7.31745e+02   -7.28305e+02   -6.60672e+02   -6.70284e+02   -7.44714e+02   -8.87963e+02   -1.00819e+03   -1.10847e+03   -1.17483e+03   -1.23520e+03   -1.28593e+03   -1.31347e+03   -1.34807e+03   -1.37726e+03   -1.38850e+03   -1.38142e+03   -1.37720e+03   -1.38487e+03   -1.38140e+03   -1.37833e+03   -1.37771e+03   -1.41110e+03   -1.44021e+03   -1.46232e+03   -1.44235e+03   -1.41828e+03   -1.38863e+03   -1.33339e+03   -1.26183e+03   -1.17556e+03   -1.06341e+03   -9.29408e+02   -7.72323e+02   -5.66553e+02   -5.12257e+02
+326 ||   -3.15148e+02   -3.11956e+02   -2.54318e+02   -1.51250e+02   -4.40264e+01    4.79944e+01    1.83497e+00   -8.30965e+01   -1.93244e+02   -2.74204e+02   -3.66664e+02   -4.75982e+02   -6.93878e+02   -7.95176e+02   -7.79353e+02   -6.41907e+02   -6.29514e+02   -7.20144e+02   -9.06611e+02   -1.04503e+03   -1.14582e+03   -1.19515e+03   -1.23117e+03   -1.26003e+03   -1.28383e+03   -1.33824e+03   -1.38543e+03   -1.39334e+03   -1.40255e+03   -1.40959e+03   -1.41227e+03   -1.40159e+03   -1.39157e+03   -1.38471e+03   -1.41465e+03   -1.44023e+03   -1.45873e+03   -1.44334e+03   -1.41997e+03   -1.38795e+03   -1.33188e+03   -1.27038e+03   -1.20092e+03   -1.10414e+03   -9.72951e+02   -7.84093e+02   -4.34957e+02   -3.70961e+02
+326 ||   -2.92719e+02   -2.80059e+02   -2.22868e+02   -1.31768e+02   -3.79294e+01    4.38148e+01    1.20346e+01   -7.49753e+01   -2.19179e+02   -3.41342e+02   -4.42780e+02   -5.21460e+02   -7.25620e+02   -8.39172e+02   -8.57787e+02   -7.14596e+02   -6.93266e+02   -7.74644e+02   -9.68260e+02   -1.10222e+03   -1.19227e+03   -1.23206e+03   -1.25192e+03   -1.26454e+03   -1.28096e+03   -1.34168e+03   -1.39533e+03   -1.40011e+03   -1.42134e+03   -1.43816e+03   -1.44103e+03   -1.43600e+03   -1.42943e+03   -1.42209e+03   -1.44008e+03   -1.45481e+03   -1.46436e+03   -1.44932e+03   -1.42276e+03   -1.38525e+03   -1.33122e+03   -1.26782e+03   -1.19700e+03   -1.11768e+03   -9.97320e+02   -7.99870e+02   -3.78638e+02   -3.11734e+02
+326 ||   -2.92109e+02   -2.65434e+02   -2.08243e+02   -1.22432e+02   -3.49602e+01    4.09756e+01    1.72918e+01   -7.65233e+01   -2.54336e+02   -4.67097e+02   -6.09061e+02   -6.62018e+02   -7.55094e+02   -8.60611e+02   -9.68266e+02   -8.93947e+02   -8.78886e+02   -9.21348e+02   -1.08011e+03   -1.18321e+03   -1.24941e+03   -1.28837e+03   -1.30157e+03   -1.30447e+03   -1.30928e+03   -1.36061e+03   -1.40726e+03   -1.40915e+03   -1.43743e+03   -1.46233e+03   -1.47143e+03   -1.48703e+03   -1.49604e+03   -1.49493e+03   -1.49106e+03   -1.48638e+03   -1.48074e+03   -1.46113e+03   -1.42683e+03   -1.38019e+03   -1.33156e+03   -1.25230e+03   -1.15897e+03   -1.09957e+03   -9.99401e+02   -8.20342e+02   -4.09898e+02   -3.47992e+02
+326 ||   -3.13000e+02   -2.84548e+02   -2.50846e+02   -1.40646e+02   -5.65157e+01   -6.57072e+01   -1.34285e+02   -2.59386e+02   -4.57530e+02   -6.50949e+02   -7.70384e+02   -8.01022e+02   -8.56459e+02   -9.25629e+02   -1.00138e+03   -9.56101e+02   -9.62585e+02   -1.01663e+03   -1.15042e+03   -1.24582e+03   -1.31080e+03   -1.33293e+03   -1.35290e+03   -1.37125e+03   -1.38725e+03   -1.42202e+03   -1.44686e+03   -1.43461e+03   -1.46379e+03   -1.48494e+03   -1.47643e+03   -1.49763e+03   -1.51415e+03   -1.51926e+03   -1.51106e+03   -1.49793e+03   -1.48000e+03   -1.44766e+03   -1.39875e+03   -1.33117e+03   -1.20520e+03   -1.10414e+03   -1.02817e+03   -1.00809e+03   -9.54610e+02   -8.38422e+02   -5.40211e+02   -4.54750e+02
+326 ||   -3.31812e+02   -3.04074e+02   -2.83883e+02   -1.61567e+02   -9.10778e+01   -1.80035e+02   -2.99023e+02   -4.59276e+02   -6.76262e+02   -8.20496e+02   -9.04089e+02   -9.21940e+02   -9.63417e+02   -1.00432e+03   -1.04135e+03   -1.01760e+03   -1.04409e+03   -1.11189e+03   -1.21742e+03   -1.30147e+03   -1.36238e+03   -1.36976e+03   -1.39776e+03   -1.43274e+03   -1.46209e+03   -1.48200e+03   -1.48711e+03   -1.46399e+03   -1.49088e+03   -1.50598e+03   -1.48158e+03   -1.50273e+03   -1.52177e+03   -1.53027e+03   -1.52215e+03   -1.50356e+03   -1.47445e+03   -1.42997e+03   -1.36794e+03   -1.28218e+03   -1.08782e+03   -9.56910e+02   -8.79205e+02   -8.78109e+02   -8.54591e+02   -7.95109e+02   -6.37504e+02   -5.43625e+02
+326 ||   -3.19625e+02   -2.91744e+02   -2.15958e+02   -1.67315e+02   -1.60573e+02   -2.25466e+02   -3.67097e+02   -5.55692e+02   -7.97989e+02   -8.66552e+02   -9.16498e+02   -9.61732e+02   -1.02406e+03   -1.10197e+03   -1.19009e+03   -1.19330e+03   -1.21750e+03   -1.25842e+03   -1.31085e+03   -1.34366e+03   -1.36484e+03   -1.38301e+03   -1.41129e+03   -1.44319e+03   -1.47296e+03   -1.49297e+03   -1.50263e+03   -1.49487e+03   -1.51099e+03   -1.52140e+03   -1.51276e+03   -1.52307e+03   -1.52994e+03   -1.52889e+03   -1.52349e+03   -1.50219e+03   -1.46407e+03   -1.41834e+03   -1.35689e+03   -1.27735e+03   -1.13817e+03   -9.46644e+02   -7.39934e+02   -6.45488e+02   -5.48969e+02   -4.73536e+02   -4.84792e+02   -4.80250e+02
+326 ||   -3.12359e+02   -2.91621e+02   -2.18547e+02   -2.00236e+02   -2.04991e+02   -2.28396e+02   -4.20934e+02   -6.43687e+02   -8.70408e+02   -8.99035e+02   -9.34373e+02   -9.98054e+02   -1.07273e+03   -1.17697e+03   -1.30338e+03   -1.31949e+03   -1.33700e+03   -1.35637e+03   -1.38250e+03   -1.38744e+03   -1.38417e+03   -1.39860e+03   -1.41878e+03   -1.44278e+03   -1.47140e+03   -1.49371e+03   -1.50989e+03   -1.51613e+03   -1.52459e+03   -1.52998e+03   -1.52907e+03   -1.53522e+03   -1.53500e+03   -1.52487e+03   -1.51645e+03   -1.50231e+03   -1.48124e+03   -1.41238e+03   -1.33754e+03   -1.25359e+03   -1.12044e+03   -9.11722e+02   -6.66457e+02   -4.93851e+02   -3.66692e+02   -2.95946e+02   -3.59446e+02   -4.04078e+02
+326 ||   -3.09308e+02   -3.01977e+02   -2.81679e+02   -2.56538e+02   -2.27952e+02   -1.94841e+02   -4.62636e+02   -7.24593e+02   -9.00612e+02   -9.19917e+02   -9.56969e+02   -1.03145e+03   -1.11121e+03   -1.23265e+03   -1.38643e+03   -1.40336e+03   -1.41042e+03   -1.41277e+03   -1.43558e+03   -1.43267e+03   -1.41800e+03   -1.41623e+03   -1.42108e+03   -1.43304e+03   -1.45917e+03   -1.48566e+03   -1.51005e+03   -1.52917e+03   -1.53263e+03   -1.53272e+03   -1.53264e+03   -1.54036e+03   -1.53743e+03   -1.51856e+03   -1.50221e+03   -1.50373e+03   -1.52209e+03   -1.41126e+03   -1.31104e+03   -1.21353e+03   -1.04423e+03   -8.55578e+02   -6.49345e+02   -4.11498e+02   -2.90015e+02   -2.41683e+02   -2.57393e+02   -3.16798e+02
+326 ||   -3.32284e+02   -2.81655e+02   -2.66677e+02   -2.50061e+02   -2.54277e+02   -3.02006e+02   -5.47568e+02   -7.75394e+02   -9.25039e+02   -9.78195e+02   -1.02420e+03   -1.07142e+03   -1.20302e+03   -1.32262e+03   -1.42518e+03   -1.43586e+03   -1.43832e+03   -1.43494e+03   -1.43279e+03   -1.42574e+03   -1.41466e+03   -1.39746e+03   -1.39613e+03   -1.40413e+03   -1.42068e+03   -1.44855e+03   -1.48207e+03   -1.52077e+03   -1.53706e+03   -1.54705e+03   -1.55414e+03   -1.55649e+03   -1.54414e+03   -1.51246e+03   -1.49048e+03   -1.47664e+03   -1.46979e+03   -1.39053e+03   -1.30561e+03   -1.20877e+03   -1.02649e+03   -8.45997e+02   -6.64775e+02   -4.72198e+02   -3.61783e+02   -3.04193e+02   -2.96436e+02   -3.31010e+02
+326 ||   -2.98200e+02   -2.28814e+02   -2.25718e+02   -2.28760e+02   -2.77973e+02   -4.18531e+02   -6.42311e+02   -8.32765e+02   -9.49980e+02   -1.02714e+03   -1.08002e+03   -1.10770e+03   -1.27592e+03   -1.38890e+03   -1.44552e+03   -1.45397e+03   -1.45917e+03   -1.45854e+03   -1.42976e+03   -1.41746e+03   -1.40973e+03   -1.37943e+03   -1.37423e+03   -1.38045e+03   -1.38930e+03   -1.41681e+03   -1.45477e+03   -1.50396e+03   -1.52983e+03   -1.54723e+03   -1.55813e+03   -1.55759e+03   -1.54170e+03   -1.50670e+03   -1.48013e+03   -1.45149e+03   -1.41993e+03   -1.37087e+03   -1.29952e+03   -1.20289e+03   -1.02587e+03   -8.44210e+02   -6.65220e+02   -5.20786e+02   -4.30499e+02   -3.75050e+02   -3.52544e+02   -3.59591e+02
+326 ||   -9.16221e+01   -9.23594e+01   -1.35316e+02   -1.85072e+02   -2.93011e+02   -5.16547e+02   -7.51285e+02   -9.18709e+02   -9.78249e+02   -1.03713e+03   -1.08861e+03   -1.13123e+03   -1.27723e+03   -1.37594e+03   -1.42718e+03   -1.44724e+03   -1.47437e+03   -1.49730e+03   -1.44404e+03   -1.42215e+03   -1.41225e+03   -1.37530e+03   -1.36989e+03   -1.37801e+03   -1.38686e+03   -1.40993e+03   -1.43851e+03   -1.46985e+03   -1.49025e+03   -1.50296e+03   -1.50598e+03   -1.51196e+03   -1.51155e+03   -1.50185e+03   -1.47291e+03   -1.44114e+03   -1.40717e+03   -1.36060e+03   -1.28471e+03   -1.18244e+03   -1.05562e+03   -8.49828e+02   -6.12075e+02   -4.88386e+02   -4.42538e+02   -4.32228e+02   -4.12211e+02   -3.96763e+02
+326 ||   -6.55127e+01   -1.01164e+02   -1.21314e+02   -1.87274e+02   -3.23713e+02   -5.80567e+02   -8.02780e+02   -9.59169e+02   -1.02171e+03   -1.05785e+03   -1.09969e+03   -1.15110e+03   -1.28309e+03   -1.37071e+03   -1.41426e+03   -1.43339e+03   -1.46162e+03   -1.48244e+03   -1.38883e+03   -1.38034e+03   -1.40853e+03   -1.38338e+03   -1.38177e+03   -1.39059e+03   -1.40098e+03   -1.41584e+03   -1.43279e+03   -1.45141e+03   -1.46298e+03   -1.46881e+03   -1.46702e+03   -1.47623e+03   -1.48276e+03   -1.48379e+03   -1.45789e+03   -1.42616e+03   -1.38949e+03   -1.34259e+03   -1.27109e+03   -1.17864e+03   -1.07951e+03   -9.07238e+02   -6.94136e+02   -5.17980e+02   -4.67956e+02   -4.74602e+02   -4.61938e+02   -4.45026e+02
+326 ||   -1.51435e+02   -2.00142e+02   -1.54740e+02   -2.17963e+02   -3.64139e+02   -6.23482e+02   -8.18592e+02   -9.71393e+02   -1.07459e+03   -1.08522e+03   -1.11230e+03   -1.16870e+03   -1.29177e+03   -1.37027e+03   -1.40471e+03   -1.41513e+03   -1.43153e+03   -1.43430e+03   -1.29048e+03   -1.30966e+03   -1.40095e+03   -1.39903e+03   -1.40374e+03   -1.41250e+03   -1.42538e+03   -1.42971e+03   -1.43361e+03   -1.44269e+03   -1.44334e+03   -1.44096e+03   -1.43626e+03   -1.44663e+03   -1.45482e+03   -1.45750e+03   -1.43801e+03   -1.40830e+03   -1.36873e+03   -1.31976e+03   -1.25822e+03   -1.18520e+03   -1.09975e+03   -9.96801e+02   -8.60130e+02   -5.86059e+02   -5.01679e+02   -5.07787e+02   -5.05495e+02   -5.00174e+02
+326 ||   -1.57968e+02   -2.23777e+02   -1.96266e+02   -2.70489e+02   -4.08922e+02   -6.25738e+02   -8.55683e+02   -1.02593e+03   -1.09969e+03   -1.11705e+03   -1.13796e+03   -1.16892e+03   -1.27222e+03   -1.35006e+03   -1.40058e+03   -1.40390e+03   -1.40843e+03   -1.40343e+03   -1.31357e+03   -1.33012e+03   -1.39679e+03   -1.41733e+03   -1.42042e+03   -1.41638e+03   -1.41309e+03   -1.41305e+03   -1.41768e+03   -1.43099e+03   -1.43887e+03   -1.44206e+03   -1.43892e+03   -1.44154e+03   -1.44291e+03   -1.44157e+03   -1.42166e+03   -1.38884e+03   -1.34331e+03   -1.30037e+03   -1.24670e+03   -1.18238e+03   -1.09726e+03   -9.83617e+02   -8.40255e+02   -6.27102e+02   -5.50665e+02   -5.40975e+02   -5.31226e+02   -5.21754e+02
+326 ||   -1.66640e+02   -2.42788e+02   -2.41894e+02   -3.25904e+02   -4.57998e+02   -6.44236e+02   -8.85430e+02   -1.05897e+03   -1.11292e+03   -1.13263e+03   -1.15356e+03   -1.17947e+03   -1.26102e+03   -1.33718e+03   -1.40379e+03   -1.39600e+03   -1.38996e+03   -1.38079e+03   -1.33577e+03   -1.34773e+03   -1.38923e+03   -1.41905e+03   -1.42272e+03   -1.41438e+03   -1.40288e+03   -1.40134e+03   -1.40697e+03   -1.42233e+03   -1.43512e+03   -1.44254e+03   -1.44134e+03   -1.43754e+03   -1.43314e+03   -1.42835e+03   -1.40761e+03   -1.37474e+03   -1.32993e+03   -1.29419e+03   -1.24618e+03   -1.18551e+03   -1.09551e+03   -9.83395e+02   -8.50472e+02   -6.77049e+02   -5.96128e+02   -5.64853e+02   -5.51131e+02   -5.38781e+02
+326 ||   -1.83397e+02   -2.56414e+02   -2.95350e+02   -3.86129e+02   -5.15474e+02   -6.96734e+02   -8.99791e+02   -1.04775e+03   -1.10419e+03   -1.11606e+03   -1.14878e+03   -1.21119e+03   -1.26759e+03   -1.33964e+03   -1.42117e+03   -1.39430e+03   -1.38021e+03   -1.37345e+03   -1.35041e+03   -1.35539e+03   -1.37480e+03   -1.38802e+03   -1.39698e+03   -1.40170e+03   -1.39849e+03   -1.40081e+03   -1.40733e+03   -1.41979e+03   -1.43208e+03   -1.44039e+03   -1.44167e+03   -1.43445e+03   -1.42678e+03   -1.41992e+03   -1.39790e+03   -1.37121e+03   -1.34043e+03   -1.31382e+03   -1.26722e+03   -1.20083e+03   -1.09631e+03   -1.01366e+03   -9.28958e+02   -7.45993e+02   -6.34064e+02   -5.70487e+02   -5.60499e+02   -5.48531e+02
+326 ||   -1.85109e+02   -2.57412e+02   -3.30117e+02   -4.23444e+02   -5.50834e+02   -7.37214e+02   -9.20666e+02   -1.05304e+03   -1.10649e+03   -1.11941e+03   -1.15399e+03   -1.21887e+03   -1.27286e+03   -1.33353e+03   -1.39701e+03   -1.38683e+03   -1.37895e+03   -1.37085e+03   -1.34729e+03   -1.34737e+03   -1.36110e+03   -1.37677e+03   -1.38834e+03   -1.39599e+03   -1.39647e+03   -1.40155e+03   -1.40887e+03   -1.41814e+03   -1.43083e+03   -1.44109e+03   -1.44573e+03   -1.43646e+03   -1.42562e+03   -1.41496e+03   -1.39349e+03   -1.37013e+03   -1.34516e+03   -1.31065e+03   -1.25333e+03   -1.17431e+03   -1.06219e+03   -9.70925e+02   -8.82547e+02   -7.30149e+02   -6.31395e+02   -5.71075e+02   -5.58761e+02   -5.46202e+02
+326 ||   -1.79604e+02   -2.52628e+02   -3.55749e+02   -4.49796e+02   -5.75285e+02   -7.69896e+02   -9.41146e+02   -1.06184e+03   -1.10962e+03   -1.12614e+03   -1.15869e+03   -1.21378e+03   -1.27661e+03   -1.32337e+03   -1.35450e+03   -1.37693e+03   -1.38168e+03   -1.37059e+03   -1.33573e+03   -1.33161e+03   -1.34690e+03   -1.37263e+03   -1.38578e+03   -1.39237e+03   -1.39493e+03   -1.40243e+03   -1.41062e+03   -1.41686e+03   -1.43032e+03   -1.44273e+03   -1.45061e+03   -1.44005e+03   -1.42634e+03   -1.41143e+03   -1.39127e+03   -1.36992e+03   -1.34716e+03   -1.29728e+03   -1.22375e+03   -1.12878e+03   -1.01180e+03   -8.95018e+02   -7.80054e+02   -6.75490e+02   -6.09718e+02   -5.69014e+02   -5.52331e+02   -5.39017e+02
+326 ||   -1.63150e+02   -2.43461e+02   -3.64838e+02   -4.59948e+02   -5.78442e+02   -7.58533e+02   -9.05278e+02   -1.00599e+03   -1.04340e+03   -1.04036e+03   -1.07834e+03   -1.16995e+03   -1.26357e+03   -1.30808e+03   -1.30930e+03   -1.36867e+03   -1.38899e+03   -1.37490e+03   -1.31267e+03   -1.30083e+03   -1.31844e+03   -1.34168e+03   -1.35847e+03   -1.37206e+03   -1.38417e+03   -1.39613e+03   -1.40697e+03   -1.41529e+03   -1.42876e+03   -1.43896e+03   -1.44145e+03   -1.43215e+03   -1.42017e+03   -1.40650e+03   -1.38639e+03   -1.36625e+03   -1.34569e+03   -1.28004e+03   -1.18735e+03   -1.07133e+03   -9.44394e+02   -7.98184e+02   -6.53221e+02   -5.91390e+02   -5.66680e+02   -5.59309e+02   -5.48850e+02   -5.39321e+02
+326 ||   -1.70381e+02   -2.45219e+02   -3.85195e+02   -4.66948e+02   -5.68876e+02   -7.42508e+02   -8.75760e+02   -9.66108e+02   -9.99832e+02   -9.80931e+02   -1.01813e+03   -1.12841e+03   -1.23903e+03   -1.28907e+03   -1.28591e+03   -1.35801e+03   -1.38489e+03   -1.37226e+03   -1.30648e+03   -1.28758e+03   -1.29661e+03   -1.31342e+03   -1.33134e+03   -1.35065e+03   -1.37299e+03   -1.38957e+03   -1.40266e+03   -1.41168e+03   -1.42621e+03   -1.43520e+03   -1.43229e+03   -1.42455e+03   -1.41493e+03   -1.40353e+03   -1.38059e+03   -1.35632e+03   -1.33039e+03   -1.25035e+03   -1.14352e+03   -1.01388e+03   -8.76986e+02   -7.15463e+02   -5.59968e+02   -5.37783e+02   -5.41595e+02   -5.54410e+02   -5.52748e+02   -5.44287e+02
+326 ||   -2.11274e+02   -2.62504e+02   -4.21595e+02   -4.69482e+02   -5.41215e+02   -7.19834e+02   -8.55215e+02   -9.48849e+02   -9.88391e+02   -9.58835e+02   -9.86431e+02   -1.09006e+03   -1.19812e+03   -1.26474e+03   -1.29344e+03   -1.34393e+03   -1.36458e+03   -1.35970e+03   -1.32426e+03   -1.29923e+03   -1.28416e+03   -1.28892e+03   -1.30443e+03   -1.32765e+03   -1.36120e+03   -1.38264e+03   -1.39741e+03   -1.40518e+03   -1.42224e+03   -1.43143e+03   -1.42311e+03   -1.41737e+03   -1.41101e+03   -1.40336e+03   -1.37346e+03   -1.33748e+03   -1.29541e+03   -1.20290e+03   -1.08906e+03   -9.56339e+02   -8.09470e+02   -6.52662e+02   -5.14277e+02   -5.27414e+02   -5.41978e+02   -5.56332e+02   -5.67137e+02   -5.55884e+02
+326 ||   -2.74507e+02   -3.28680e+02   -4.51299e+02   -4.75327e+02   -5.11222e+02   -6.22883e+02   -8.10987e+02   -9.66260e+02   -1.05079e+03   -1.02402e+03   -1.03202e+03   -1.09336e+03   -1.19389e+03   -1.26429e+03   -1.30542e+03   -1.33883e+03   -1.35330e+03   -1.35306e+03   -1.34566e+03   -1.31493e+03   -1.27794e+03   -1.27388e+03   -1.28501e+03   -1.30877e+03   -1.35289e+03   -1.37558e+03   -1.38924e+03   -1.39705e+03   -1.41049e+03   -1.41712e+03   -1.40951e+03   -1.40329e+03   -1.39529e+03   -1.38463e+03   -1.35023e+03   -1.30639e+03   -1.25307e+03   -1.15711e+03   -1.04385e+03   -9.15638e+02   -7.80009e+02   -6.47538e+02   -5.36504e+02   -5.44122e+02   -5.53450e+02   -5.63400e+02   -5.72521e+02   -5.62273e+02
+326 ||   -3.41809e+02   -4.00490e+02   -4.73562e+02   -4.78333e+02   -4.83411e+02   -5.24775e+02   -7.74888e+02   -9.97366e+02   -1.12343e+03   -1.10229e+03   -1.09137e+03   -1.10780e+03   -1.20201e+03   -1.27288e+03   -1.31923e+03   -1.33627e+03   -1.34434e+03   -1.34736e+03   -1.36254e+03   -1.33060e+03   -1.28053e+03   -1.27057e+03   -1.27550e+03   -1.29555e+03   -1.34453e+03   -1.36474e+03   -1.37591e+03   -1.38650e+03   -1.39588e+03   -1.39983e+03   -1.39455e+03   -1.38725e+03   -1.37641e+03   -1.36105e+03   -1.32292e+03   -1.27276e+03   -1.21043e+03   -1.11348e+03   -1.00265e+03   -8.80633e+02   -7.62375e+02   -6.58807e+02   -5.76760e+02   -5.68718e+02   -5.68837e+02   -5.72769e+02   -5.76026e+02   -5.67432e+02
+326 ||   -3.92996e+02   -4.15932e+02   -4.59962e+02   -4.56518e+02   -4.74347e+02   -5.60519e+02   -8.36901e+02   -1.05182e+03   -1.12228e+03   -1.09987e+03   -1.09339e+03   -1.11563e+03   -1.22096e+03   -1.29512e+03   -1.33656e+03   -1.33327e+03   -1.33348e+03   -1.33666e+03   -1.34313e+03   -1.33835e+03   -1.32866e+03   -1.32576e+03   -1.31644e+03   -1.31142e+03   -1.32927e+03   -1.32948e+03   -1.33440e+03   -1.36326e+03   -1.37749e+03   -1.38322e+03   -1.37918e+03   -1.37165e+03   -1.35934e+03   -1.34107e+03   -1.29964e+03   -1.24596e+03   -1.17993e+03   -1.08090e+03   -9.70038e+02   -8.50883e+02   -7.49638e+02   -6.67378e+02   -6.05426e+02   -5.93236e+02   -5.88648e+02   -5.87349e+02   -5.84383e+02   -5.74440e+02
+326 ||   -4.27095e+02   -4.28315e+02   -4.66777e+02   -4.71599e+02   -5.12655e+02   -6.45473e+02   -8.80322e+02   -1.05864e+03   -1.12270e+03   -1.11093e+03   -1.11055e+03   -1.13166e+03   -1.22671e+03   -1.29504e+03   -1.33458e+03   -1.32117e+03   -1.31511e+03   -1.31574e+03   -1.32697e+03   -1.34230e+03   -1.35684e+03   -1.35650e+03   -1.33878e+03   -1.31836e+03   -1.31305e+03   -1.29310e+03   -1.29239e+03   -1.34787e+03   -1.36738e+03   -1.37344e+03   -1.36881e+03   -1.36066e+03   -1.34729e+03   -1.32734e+03   -1.28169e+03   -1.22456e+03   -1.15600e+03   -1.05285e+03   -9.37121e+02   -8.14222e+02   -7.29784e+02   -6.68007e+02   -6.25874e+02   -6.15046e+02   -6.08383e+02   -6.03035e+02   -5.94866e+02   -5.82497e+02
+326 ||   -4.43548e+02   -4.37540e+02   -4.94672e+02   -5.24776e+02   -5.99879e+02   -7.81239e+02   -9.04546e+02   -1.01626e+03   -1.12471e+03   -1.13592e+03   -1.14336e+03   -1.15617e+03   -1.21882e+03   -1.27192e+03   -1.31266e+03   -1.29966e+03   -1.28899e+03   -1.28427e+03   -1.31416e+03   -1.34232e+03   -1.36440e+03   -1.36199e+03   -1.34191e+03   -1.31607e+03   -1.29583e+03   -1.25554e+03   -1.24984e+03   -1.34059e+03   -1.36582e+03   -1.37071e+03   -1.36360e+03   -1.35444e+03   -1.34041e+03   -1.32004e+03   -1.26924e+03   -1.20872e+03   -1.13884e+03   -1.02947e+03   -9.03884e+02   -7.70424e+02   -7.02583e+02   -6.60436e+02   -6.37834e+02   -6.34060e+02   -6.28039e+02   -6.19864e+02   -6.07546e+02   -5.91638e+02
+326 ||   -4.61586e+02   -4.72143e+02   -5.14371e+02   -5.24920e+02   -5.97281e+02   -8.12759e+02   -9.25351e+02   -1.02588e+03   -1.13388e+03   -1.15351e+03   -1.16026e+03   -1.16052e+03   -1.20075e+03   -1.24101e+03   -1.27923e+03   -1.28787e+03   -1.29318e+03   -1.29847e+03   -1.32336e+03   -1.34678e+03   -1.36671e+03   -1.37390e+03   -1.35292e+03   -1.31636e+03   -1.26771e+03   -1.26646e+03   -1.29547e+03   -1.36175e+03   -1.38712e+03   -1.39397e+03   -1.38295e+03   -1.36632e+03   -1.34531e+03   -1.31922e+03   -1.25693e+03   -1.19094e+03   -1.12209e+03   -1.00118e+03   -8.57712e+02   -7.04989e+02   -6.63677e+02   -6.45922e+02   -6.44647e+02   -6.51828e+02   -6.48201e+02   -6.37687e+02   -6.20860e+02   -6.00533e+02
+326 ||   -4.82252e+02   -5.18169e+02   -5.49220e+02   -5.41629e+02   -6.03180e+02   -8.26492e+02   -9.37403e+02   -1.03268e+03   -1.13230e+03   -1.15931e+03   -1.16808e+03   -1.16225e+03   -1.18733e+03   -1.21859e+03   -1.25471e+03   -1.28094e+03   -1.30081e+03   -1.31644e+03   -1.33519e+03   -1.35256e+03   -1.37032e+03   -1.39377e+03   -1.37810e+03   -1.33886e+03   -1.27654e+03   -1.30827e+03   -1.36065e+03   -1.39375e+03   -1.41356e+03   -1.41824e+03   -1.40087e+03   -1.37425e+03   -1.34362e+03   -1.30905e+03   -1.23703e+03   -1.16531e+03   -1.09469e+03   -9.49659e+02   -7.96144e+02   -6.47035e+02   -6.32973e+02   -6.36917e+02   -6.52385e+02   -6.67760e+02   -6.66474e+02   -6.54744e+02   -6.33968e+02   -6.08918e+02
+326 ||   -5.11807e+02   -5.90484e+02   -6.46013e+02   -6.54635e+02   -6.99256e+02   -8.42079e+02   -9.19207e+02   -9.95157e+02   -1.08606e+03   -1.12615e+03   -1.15249e+03   -1.16741e+03   -1.19771e+03   -1.23267e+03   -1.27064e+03   -1.28566e+03   -1.30153e+03   -1.31881e+03   -1.34254e+03   -1.36037e+03   -1.38219e+03   -1.43924e+03   -1.45106e+03   -1.44254e+03   -1.43001e+03   -1.43370e+03   -1.44161e+03   -1.44775e+03   -1.44436e+03   -1.42947e+03   -1.39758e+03   -1.35570e+03   -1.30972e+03   -1.25980e+03   -1.18864e+03   -1.11155e+03   -1.02721e+03   -8.14555e+02   -6.85299e+02   -6.30600e+02   -6.40189e+02   -6.52864e+02   -6.66978e+02   -6.77789e+02   -6.77514e+02   -6.68423e+02   -6.45987e+02   -6.15621e+02
+326 ||   -5.41535e+02   -6.26872e+02   -7.01198e+02   -7.29973e+02   -7.70965e+02   -8.60757e+02   -8.97997e+02   -9.50875e+02   -1.04158e+03   -1.09456e+03   -1.13688e+03   -1.17018e+03   -1.20636e+03   -1.24267e+03   -1.27789e+03   -1.28953e+03   -1.30633e+03   -1.32776e+03   -1.35624e+03   -1.37959e+03   -1.40729e+03   -1.46979e+03   -1.49257e+03   -1.49774e+03   -1.50020e+03   -1.48872e+03   -1.47575e+03   -1.46936e+03   -1.45135e+03   -1.42303e+03   -1.38064e+03   -1.32457e+03   -1.26235e+03   -1.19401e+03   -1.10891e+03   -1.00463e+03   -8.80250e+02   -7.19738e+02   -6.39245e+02   -6.27344e+02   -6.42356e+02   -6.59240e+02   -6.75893e+02   -6.83797e+02   -6.82851e+02   -6.74142e+02   -6.51940e+02   -6.24932e+02
+327 ||   -5.71395e+02   -6.36213e+02   -7.25061e+02   -7.76953e+02   -8.24331e+02   -8.81762e+02   -8.74518e+02   -9.01509e+02   -9.98440e+02   -1.06415e+03   -1.12124e+03   -1.17114e+03   -1.21371e+03   -1.24961e+03   -1.27862e+03   -1.29274e+03   -1.31419e+03   -1.34167e+03   -1.37471e+03   -1.40741e+03   -1.44237e+03   -1.48909e+03   -1.51040e+03   -1.51645e+03   -1.50770e+03   -1.49074e+03   -1.47465e+03   -1.46660e+03   -1.44040e+03   -1.40329e+03   -1.35343e+03   -1.28398e+03   -1.20485e+03   -1.11576e+03   -1.00557e+03   -8.57695e+02   -6.73454e+02   -6.55250e+02   -6.41968e+02   -6.34009e+02   -6.40722e+02   -6.58410e+02   -6.80535e+02   -6.86779e+02   -6.83894e+02   -6.73870e+02   -6.53328e+02   -6.36205e+02
+327 ||   -5.81713e+02   -6.20109e+02   -7.30033e+02   -7.91623e+02   -8.39531e+02   -8.84653e+02   -8.88107e+02   -9.01037e+02   -9.39399e+02   -1.05117e+03   -1.13516e+03   -1.17813e+03   -1.23089e+03   -1.26665e+03   -1.28600e+03   -1.29952e+03   -1.32454e+03   -1.35836e+03   -1.39558e+03   -1.43231e+03   -1.46821e+03   -1.50148e+03   -1.51658e+03   -1.51868e+03   -1.50336e+03   -1.48436e+03   -1.46503e+03   -1.44760e+03   -1.40997e+03   -1.35981e+03   -1.29477e+03   -1.23308e+03   -1.15229e+03   -1.04477e+03   -8.98929e+02   -7.65203e+02   -6.48231e+02   -6.47774e+02   -6.55590e+02   -6.68873e+02   -6.65745e+02   -6.73530e+02   -6.86821e+02   -6.91021e+02   -6.88144e+02   -6.80907e+02   -6.70122e+02   -6.56824e+02
+327 ||   -5.90197e+02   -6.04131e+02   -7.16242e+02   -7.85244e+02   -8.40671e+02   -8.90804e+02   -9.09923e+02   -9.19654e+02   -9.22660e+02   -1.05289e+03   -1.14612e+03   -1.18169e+03   -1.23942e+03   -1.27646e+03   -1.29379e+03   -1.31211e+03   -1.34154e+03   -1.37920e+03   -1.41793e+03   -1.45334e+03   -1.48456e+03   -1.50456e+03   -1.51216e+03   -1.50893e+03   -1.48739e+03   -1.46423e+03   -1.43901e+03   -1.41007e+03   -1.36099e+03   -1.29921e+03   -1.22224e+03   -1.15881e+03   -1.06788e+03   -9.36955e+02   -7.75528e+02   -6.72846e+02   -6.35122e+02   -6.49185e+02   -6.71794e+02   -6.98544e+02   -6.90605e+02   -6.90778e+02   -6.95609e+02   -6.97136e+02   -6.93012e+02   -6.86763e+02   -6.83000e+02   -6.71297e+02
+327 ||   -5.97827e+02   -5.93209e+02   -6.59609e+02   -7.32903e+02   -8.14230e+02   -9.08412e+02   -9.45154e+02   -9.76299e+02   -1.01338e+03   -1.08766e+03   -1.14424e+03   -1.17565e+03   -1.22472e+03   -1.26654e+03   -1.30138e+03   -1.33840e+03   -1.37452e+03   -1.40978e+03   -1.44353e+03   -1.46543e+03   -1.47922e+03   -1.48592e+03   -1.48374e+03   -1.47268e+03   -1.44491e+03   -1.41169e+03   -1.37402e+03   -1.32970e+03   -1.26972e+03   -1.20066e+03   -1.12119e+03   -1.02863e+03   -9.03699e+02   -7.36623e+02   -6.11129e+02   -5.70468e+02   -6.17888e+02   -6.61872e+02   -6.92358e+02   -7.10147e+02   -7.10104e+02   -7.10322e+02   -7.10284e+02   -7.07655e+02   -6.98817e+02   -6.88341e+02   -6.83331e+02   -6.68855e+02
+327 ||   -5.80131e+02   -5.53526e+02   -5.85059e+02   -6.81133e+02   -7.93677e+02   -9.06255e+02   -9.59076e+02   -1.00140e+03   -1.04262e+03   -1.09544e+03   -1.14026e+03   -1.17426e+03   -1.22196e+03   -1.26401e+03   -1.30084e+03   -1.34361e+03   -1.37783e+03   -1.40497e+03   -1.42512e+03   -1.43199e+03   -1.42946e+03   -1.41750e+03   -1.42571e+03   -1.42810e+03   -1.38359e+03   -1.34469e+03   -1.30146e+03   -1.24395e+03   -1.17614e+03   -1.10487e+03   -1.03126e+03   -9.24185e+02   -7.98276e+02   -6.52193e+02   -5.62682e+02   -5.48513e+02   -6.11668e+02   -6.79869e+02   -7.22725e+02   -7.42959e+02   -7.44066e+02   -7.43177e+02   -7.40549e+02   -7.35117e+02   -7.24729e+02   -7.10844e+02   -6.92741e+02   -6.72153e+02
+327 ||   -5.48939e+02   -4.98703e+02   -5.01184e+02   -6.29627e+02   -7.75985e+02   -8.93273e+02   -9.61306e+02   -1.00926e+03   -1.03847e+03   -1.08852e+03   -1.13507e+03   -1.17525e+03   -1.22549e+03   -1.26537e+03   -1.29589e+03   -1.33725e+03   -1.36486e+03   -1.38075e+03   -1.38280e+03   -1.37396e+03   -1.35584e+03   -1.32251e+03   -1.35168e+03   -1.37861e+03   -1.31199e+03   -1.26969e+03   -1.22459e+03   -1.15525e+03   -1.08137e+03   -1.01049e+03   -9.46618e+02   -8.33256e+02   -7.24586e+02   -6.30676e+02   -5.77158e+02   -5.70353e+02   -6.11914e+02   -7.00843e+02   -7.58264e+02   -7.87030e+02   -7.85732e+02   -7.83105e+02   -7.79056e+02   -7.71510e+02   -7.61190e+02   -7.44287e+02   -7.06870e+02   -6.78456e+02
+327 ||   -5.41322e+02   -4.96142e+02   -4.68336e+02   -5.78063e+02   -7.21316e+02   -8.61423e+02   -9.38727e+02   -9.87414e+02   -1.00749e+03   -1.06602e+03   -1.11857e+03   -1.16000e+03   -1.21271e+03   -1.25572e+03   -1.28880e+03   -1.30901e+03   -1.31882e+03   -1.32121e+03   -1.32492e+03   -1.31827e+03   -1.30279e+03   -1.27277e+03   -1.27988e+03   -1.28493e+03   -1.23200e+03   -1.17925e+03   -1.12567e+03   -1.07002e+03   -1.00606e+03   -9.16268e+02   -7.83526e+02   -7.05864e+02   -6.63590e+02   -6.60541e+02   -6.36591e+02   -6.41067e+02   -6.77216e+02   -7.33368e+02   -7.75483e+02   -8.04099e+02   -8.10684e+02   -8.05574e+02   -7.92689e+02   -7.78090e+02   -7.57093e+02   -7.31030e+02   -6.97347e+02   -6.72972e+02
+327 ||   -5.38625e+02   -4.95866e+02   -4.47212e+02   -5.46936e+02   -6.85867e+02   -8.27630e+02   -9.09657e+02   -9.61591e+02   -9.81829e+02   -1.03874e+03   -1.09131e+03   -1.13489e+03   -1.18829e+03   -1.23001e+03   -1.25965e+03   -1.26965e+03   -1.27236e+03   -1.27025e+03   -1.27228e+03   -1.26564e+03   -1.25241e+03   -1.23089e+03   -1.22208e+03   -1.20562e+03   -1.14659e+03   -1.08434e+03   -1.02742e+03   -9.85467e+02   -9.31791e+02   -8.40298e+02   -6.85732e+02   -6.39288e+02   -6.38275e+02   -6.81323e+02   -6.79763e+02   -6.94320e+02   -7.28392e+02   -7.63796e+02   -7.94473e+02   -8.19703e+02   -8.26862e+02   -8.17806e+02   -7.98390e+02   -7.79174e+02   -7.53210e+02   -7.24120e+02   -6.95694e+02   -6.76433e+02
+327 ||   -5.44414e+02   -4.99529e+02   -4.46311e+02   -5.51059e+02   -6.83573e+02   -7.90485e+02   -8.69393e+02   -9.28911e+02   -9.65331e+02   -1.00323e+03   -1.04547e+03   -1.09278e+03   -1.14379e+03   -1.17660e+03   -1.19241e+03   -1.21113e+03   -1.22519e+03   -1.23409e+03   -1.22865e+03   -1.21826e+03   -1.20666e+03   -1.20256e+03   -1.18843e+03   -1.15110e+03   -1.05182e+03   -9.81725e+02   -9.30329e+02   -9.02067e+02   -8.59334e+02   -7.95808e+02   -7.00571e+02   -6.77614e+02   -6.74507e+02   -6.86439e+02   -6.94887e+02   -7.17457e+02   -7.55205e+02   -7.90609e+02   -8.16521e+02   -8.32779e+02   -8.27905e+02   -8.12380e+02   -7.90410e+02   -7.70779e+02   -7.49697e+02   -7.28159e+02   -7.07616e+02   -6.95323e+02
+327 ||   -5.64359e+02   -5.18209e+02   -4.76993e+02   -5.50288e+02   -6.51291e+02   -7.49254e+02   -8.27651e+02   -8.90373e+02   -9.33637e+02   -9.65961e+02   -1.00258e+03   -1.04550e+03   -1.08746e+03   -1.11421e+03   -1.12687e+03   -1.14316e+03   -1.15673e+03   -1.16886e+03   -1.18547e+03   -1.17616e+03   -1.15921e+03   -1.17555e+03   -1.16672e+03   -1.11589e+03   -9.62504e+02   -8.86395e+02   -8.47060e+02   -8.38815e+02   -8.09358e+02   -7.69568e+02   -7.19204e+02   -7.15469e+02   -7.17676e+02   -7.20177e+02   -7.23288e+02   -7.39765e+02   -7.70360e+02   -7.95825e+02   -8.17575e+02   -8.33986e+02   -8.23706e+02   -8.07787e+02   -7.88858e+02   -7.73632e+02   -7.57596e+02   -7.41380e+02   -7.26009e+02   -7.18417e+02
+327 ||   -5.89240e+02   -5.42919e+02   -5.19019e+02   -5.50227e+02   -6.12531e+02   -7.09746e+02   -7.87593e+02   -8.51003e+02   -8.96837e+02   -9.28265e+02   -9.60973e+02   -9.96699e+02   -1.02727e+03   -1.04910e+03   -1.06260e+03   -1.07224e+03   -1.07968e+03   -1.09016e+03   -1.13851e+03   -1.13355e+03   -1.11056e+03   -1.14482e+03   -1.14241e+03   -1.08218e+03   -8.83547e+02   -8.04493e+02   -7.77742e+02   -7.88202e+02   -7.70947e+02   -7.51187e+02   -7.37212e+02   -7.48767e+02   -7.58289e+02   -7.60727e+02   -7.54662e+02   -7.61333e+02   -7.81895e+02   -7.95227e+02   -8.13181e+02   -8.32163e+02   -8.18041e+02   -8.03550e+02   -7.89609e+02   -7.80472e+02   -7.69457e+02   -7.57715e+02   -7.46715e+02   -7.42846e+02
+327 ||   -6.09350e+02   -5.70996e+02   -5.54149e+02   -5.77202e+02   -6.25705e+02   -7.05494e+02   -7.71976e+02   -8.26958e+02   -8.67399e+02   -8.93815e+02   -9.21921e+02   -9.53498e+02   -9.74614e+02   -9.92248e+02   -1.00623e+03   -1.00923e+03   -9.98276e+02   -9.86466e+02   -1.05058e+03   -1.06537e+03   -1.05696e+03   -1.07005e+03   -1.04328e+03   -9.87848e+02   -8.93781e+02   -8.37003e+02   -8.02052e+02   -7.91767e+02   -7.65793e+02   -7.43388e+02   -7.33147e+02   -7.35134e+02   -7.43430e+02   -7.58316e+02   -7.63906e+02   -7.77974e+02   -8.01467e+02   -8.19361e+02   -8.35073e+02   -8.45719e+02   -8.17904e+02   -7.99836e+02   -7.89033e+02   -7.84459e+02   -7.77451e+02   -7.70032e+02   -7.65670e+02   -7.64174e+02
+327 ||   -6.25115e+02   -5.93348e+02   -5.82445e+02   -5.98149e+02   -6.35418e+02   -7.02957e+02   -7.60074e+02   -8.07674e+02   -8.43090e+02   -8.63331e+02   -8.87467e+02   -9.17852e+02   -9.30284e+02   -9.46274e+02   -9.65348e+02   -9.73724e+02   -9.59175e+02   -9.37828e+02   -9.97371e+02   -1.01857e+03   -1.01791e+03   -1.01558e+03   -9.79002e+02   -9.32685e+02   -9.01772e+02   -8.63654e+02   -8.28889e+02   -8.07287e+02   -7.76663e+02   -7.52644e+02   -7.43734e+02   -7.49553e+02   -7.68613e+02   -8.03339e+02   -8.11242e+02   -8.19497e+02   -8.29564e+02   -8.41672e+02   -8.48429e+02   -8.47979e+02   -8.14790e+02   -7.97069e+02   -7.90408e+02   -7.90768e+02   -7.86397e+02   -7.81535e+02   -7.83811e+02   -7.85230e+02
+327 ||   -6.35475e+02   -6.08576e+02   -6.02237e+02   -6.11594e+02   -6.40825e+02   -7.02556e+02   -7.52794e+02   -7.94313e+02   -8.25165e+02   -8.37783e+02   -8.58735e+02   -8.91610e+02   -8.96321e+02   -9.13842e+02   -9.43754e+02   -9.72460e+02   -9.72723e+02   -9.57718e+02   -9.87388e+02   -9.98383e+02   -9.96985e+02   -9.86352e+02   -9.58108e+02   -9.26266e+02   -9.06972e+02   -8.83012e+02   -8.58871e+02   -8.37684e+02   -8.07475e+02   -7.83125e+02   -7.72556e+02   -7.98887e+02   -8.43631e+02   -9.07399e+02   -9.05987e+02   -8.91987e+02   -8.68273e+02   -8.61710e+02   -8.51158e+02   -8.36180e+02   -8.07971e+02   -7.95481e+02   -7.94214e+02   -7.99968e+02   -7.96529e+02   -7.92024e+02   -8.00939e+02   -8.05949e+02
+327 ||   -6.35539e+02   -6.13379e+02   -6.09267e+02   -6.03824e+02   -6.17412e+02   -6.70664e+02   -7.25696e+02   -7.74240e+02   -8.12211e+02   -8.31964e+02   -8.55981e+02   -8.87006e+02   -8.96414e+02   -9.15928e+02   -9.45290e+02   -9.75300e+02   -9.83894e+02   -9.79396e+02   -9.95548e+02   -9.99224e+02   -9.93848e+02   -9.78589e+02   -9.54601e+02   -9.30362e+02   -9.17345e+02   -9.05270e+02   -8.92599e+02   -8.77834e+02   -8.44097e+02   -8.12689e+02   -7.92450e+02   -8.41685e+02   -9.26769e+02   -1.04929e+03   -1.02245e+03   -9.69297e+02   -8.96806e+02   -8.79250e+02   -8.59432e+02   -8.38869e+02   -8.31661e+02   -8.22931e+02   -8.14796e+02   -8.16264e+02   -8.12602e+02   -8.08813e+02   -8.14353e+02   -8.16128e+02
+327 ||   -6.35891e+02   -6.14382e+02   -6.10167e+02   -5.90430e+02   -5.89588e+02   -6.35544e+02   -6.97880e+02   -7.56141e+02   -8.03868e+02   -8.33514e+02   -8.61816e+02   -8.90344e+02   -9.06538e+02   -9.27734e+02   -9.53857e+02   -9.80888e+02   -9.95674e+02   -1.00176e+03   -1.00980e+03   -1.00728e+03   -9.96980e+02   -9.77716e+02   -9.56104e+02   -9.36850e+02   -9.28541e+02   -9.27838e+02   -9.27280e+02   -9.21551e+02   -8.82515e+02   -8.40120e+02   -8.04059e+02   -8.73060e+02   -1.00299e+03   -1.19873e+03   -1.13812e+03   -1.03901e+03   -9.13974e+02   -8.91902e+02   -8.67491e+02   -8.44109e+02   -8.55760e+02   -8.49934e+02   -8.34957e+02   -8.32500e+02   -8.28311e+02   -8.24341e+02   -8.24547e+02   -8.22052e+02